	DepExp-input-1-A	DepExp-input-1-B	DepExp-input-2-A	DepExp-input-2-B	DepExp-input-3-A	DepExp-input-3-B	DepExp-Str-TSB-F-1-A	DepExp-Str-TSB-F-1-B	DepExp-Str-TSB-F-2-A	DepExp-Str-TSB-F-2-B	DepExp-Str-TSB-F-3-A	DepExp-Str-TSB-F-3-B	DepExp-Unstr-TSB-F-1-A	DepExp-Unstr-TSB-F-1-B	DepExp-Unstr-TSB-F-2-A	DepExp-Unstr-TSB-F-2-B	DepExp-Unstr-TSB-F-3-A	DepExp-Unstr-TSB-F-3-B	DepExp-Str-TSB-hc-1-A	DepExp-Str-TSB-hc-1-B	DepExp-Str-TSB-hc-2-A	DepExp-Str-TSB-hc-2-B	DepExp-Str-TSB-hc-3-A	DepExp-Str-TSB-hc-3-B	DepExp-Unstr-TSB-hc-1-A	DepExp-Unstr-TSB-hc-1-B	DepExp-Unstr-TSB-hc-2-A	DepExp-Unstr-TSB-hc-2-B	DepExp-Unstr-TSB-hc-3-A	DepExp-Unstr-TSB-hc-3-B	DepExp-Str-TSB-hs-1-A	DepExp-Str-TSB-hs-1-B	DepExp-Str-TSB-hs-2-A	DepExp-Str-TSB-hs-2-B	DepExp-Str-TSB-hs-3-A	DepExp-Str-TSB-hs-3-B	DepExp-Unstr-TSB-hs-1-A	DepExp-Unstr-TSB-hs-1-B	DepExp-Unstr-TSB-hs-2-A	DepExp-Unstr-TSB-hs-2-B	DepExp-Unstr-TSB-hs-3-A	DepExp-Unstr-TSB-hs-3-B
Root100	8	3	1	3	7	3	0	0	0	0	0	0	0	0	0	0	0	0	0	0	0	0	0	0	0	0	0	0	0	0	0	0	0	0	0	0	0	0	0	0	0	0
Root101	763	866	447	614	448	613	1	1	0	0	0	0	1	0	0	0	0	0	0	0	0	0	0	0	0	0	0	0	0	0	0	0	0	1	0	0	0	0	0	0	0	0
Root107	118	126	100	92	154	137	0	0	0	0	0	0	0	1	1	0	0	0	1	0	0	0	1	0	1	3	1	0	1	0	0	0	0	0	0	1	1	1	1	0	0	1
Root112D2	0	0	1	0	0	0	0	0	0	0	0	0	0	0	0	0	0	0	0	0	0	0	0	0	0	0	0	0	0	0	0	0	0	0	0	0	0	0	0	0	0	0
Root1203	360	295	206	213	310	274	0	1	1	0	0	0	1	0	0	1	1	0	0	0	0	0	0	0	0	2	0	0	0	0	0	0	0	0	1	0	1	0	0	0	0	0
Root1212	247	212	208	229	241	228	0	0	0	0	0	0	0	0	0	1	0	0	1	1	1	0	0	0	0	0	0	0	0	0	0	0	1	0	0	0	0	0	0	1	1	0
Root1217	23	18	12	9	11	12	0	0	0	0	0	0	1	0	0	0	0	0	0	0	0	0	1	0	0	0	0	0	0	0	1	1	0	0	1	1	0	0	0	0	0	0
Root122	17	24	32	22	21	34	0	0	0	0	0	0	0	1	0	0	0	0	0	0	0	0	0	0	0	0	0	0	0	0	0	0	0	0	0	0	0	0	0	0	0	0
Root1220	20	9	16	10	8	2	0	0	0	0	0	0	0	0	0	0	0	0	0	0	0	0	0	0	0	0	0	0	0	0	0	0	0	0	0	0	0	0	0	0	0	0
Root123D2	42	40	41	34	24	28	0	0	0	0	1	0	0	0	0	0	0	0	0	0	0	0	0	0	0	0	0	0	0	0	0	1	0	0	0	0	0	0	0	0	0	0
Root1252	1097	1040	782	797	860	796	4	2	2	0	0	0	18	11	15	23	9	9	0	1	0	0	1	2	69	64	16	12	65	56	0	1	0	0	1	0	14	14	10	10	18	18
Root1277	138	176	102	104	126	108	0	0	0	1	0	0	1	1	1	0	0	1	1	0	0	1	0	1	2	1	0	0	0	0	0	0	0	0	1	0	0	0	0	0	2	2
Root1280	19	18	4	8	19	23	108	92	66	60	157	153	192	211	164	209	135	117	599	638	758	836	529	635	378	428	50	40	326	385	66	68	84	103	71	87	176	173	214	242	188	192
Root1304	72	67	58	66	105	103	0	0	0	0	0	0	1	3	7	4	1	6	0	2	0	0	0	0	23	13	1	2	6	7	0	0	0	1	0	0	4	5	4	3	0	2
Root131	15310	16014	12295	12574	17248	17392	3390	3910	3519	3786	3955	4200	25309	25785	20657	21886	19667	20328	6497	6423	4552	4699	6748	7106	13054	13762	2134	2168	10107	10673	5218	5696	4711	4945	7431	7809	22459	23471	26808	27633	20995	22083
Root1310	101	87	56	56	76	82	0	0	0	0	0	0	1	0	0	0	0	0	0	0	0	0	0	0	1	0	0	0	0	0	0	0	0	0	0	0	2	0	2	0	0	0
Root135	21	26	8	16	11	18	0	0	0	0	0	0	0	0	0	0	0	0	0	0	0	0	0	0	0	0	0	0	0	0	0	0	0	0	0	0	0	0	0	0	0	0
Root136	12	13	3	8	19	24	0	0	0	0	0	0	0	0	0	0	0	0	0	0	0	0	0	0	0	0	0	0	0	0	0	0	0	0	0	0	0	0	0	0	0	0
Root137	272	354	209	241	233	283	0	0	0	0	0	0	0	0	0	0	1	1	0	0	0	0	0	0	0	0	0	0	0	0	0	1	0	0	0	0	0	0	0	1	0	0
Root149	230	225	220	220	248	268	2	5	5	4	9	0	7	18	5	8	6	8	8	7	3	2	6	4	18	17	1	0	7	9	5	1	5	2	5	12	3	10	6	9	7	10
Root151	67	82	60	90	68	119	0	0	0	0	0	0	0	0	0	0	2	0	0	0	0	0	0	0	0	1	0	0	0	1	0	0	0	0	0	0	0	0	0	0	0	0
Root154	243	250	191	188	81	112	0	1	0	1	0	0	2	1	0	0	0	1	0	0	0	0	0	0	0	0	0	0	0	0	0	0	0	0	0	0	0	0	0	0	0	0
Root157	18	10	12	11	6	12	0	0	0	0	0	0	0	0	0	0	0	0	0	0	0	0	1	0	0	0	0	0	0	0	0	0	0	0	0	0	0	0	0	0	0	0
Root16D2	231	203	196	202	195	176	0	2	0	0	0	0	4	2	0	2	0	1	0	2	1	0	0	0	3	3	0	0	1	1	0	0	1	0	1	0	0	2	0	0	0	0
Root170	561	614	554	535	730	798	1440	1599	1042	1124	1167	1245	560	552	554	559	398	434	8038	8404	6386	6802	7782	8366	3329	3550	311	337	2218	2323	1042	1129	941	977	1612	1668	483	536	677	694	549	564
Root172	65	54	51	54	52	40	0	1	0	0	0	0	0	1	0	1	0	1	0	0	0	0	0	1	0	0	1	0	1	0	0	0	0	0	1	2	1	0	1	1	0	0
Root179	499	582	323	405	152	202	3	5	0	1	2	0	17	19	8	13	10	8	0	1	0	1	0	1	11	27	1	0	11	14	0	1	0	1	0	2	0	2	0	1	0	1
Root180	182	227	145	153	185	193	0	0	1	1	0	0	0	0	0	0	0	0	3	3	0	0	0	2	0	1	0	0	0	0	1	0	0	0	1	0	0	0	0	0	0	0
Root186	0	0	0	0	0	0	0	0	0	0	0	0	0	0	0	0	0	0	0	0	0	0	0	0	0	0	0	0	0	0	0	0	0	0	0	0	0	0	0	0	0	0
Root189	244	325	194	189	167	162	0	0	0	0	1	1	1	0	0	1	1	1	0	2	1	1	1	1	3	3	0	0	0	0	0	0	0	0	1	2	2	1	0	1	0	1
Root190	46	57	31	29	29	39	0	1	0	0	0	0	0	0	0	0	0	0	0	0	0	0	0	0	0	0	0	0	0	0	0	0	0	0	0	0	0	0	0	0	0	0
Root198D2	0	0	4	2	3	1	0	0	0	0	0	0	0	0	0	0	0	0	0	0	0	0	0	0	0	0	0	0	0	0	0	0	0	0	0	0	0	0	0	0	0	0
Root219	1303	1594	1070	1150	1227	1297	108	140	85	100	92	101	101	140	80	99	66	65	1833	2247	715	880	1193	1493	665	772	62	87	489	617	137	186	87	114	129	201	58	52	58	54	46	50
Root22	1063	1400	702	906	1163	1415	515	632	192	313	237	273	358	457	344	468	420	486	119	152	73	123	86	143	372	486	57	80	270	382	254	373	124	175	260	342	322	415	309	438	200	240
Root224	77	87	78	58	55	45	0	0	0	0	0	0	0	0	0	0	0	0	0	0	0	0	0	0	0	0	0	0	0	0	0	0	0	0	0	0	0	0	0	0	0	0
Root227	422	471	338	342	368	360	5	8	8	4	4	7	15	34	24	30	22	20	5	10	12	14	10	12	35	47	8	4	14	23	6	4	3	2	10	8	13	11	13	11	6	12
Root239	721	724	813	795	1720	1713	4	0	0	1	1	1	40	45	30	30	20	16	0	0	0	0	0	0	0	0	0	0	1	0	0	0	1	1	0	1	25	26	21	13	44	34
Root241	119	125	117	98	70	87	0	1	0	0	0	0	0	0	0	0	0	0	0	0	0	0	0	0	0	0	0	0	0	0	0	1	0	0	0	0	0	0	1	0	0	0
Root264	6	8	6	6	12	11	0	0	0	0	0	0	0	0	0	0	0	0	0	0	0	0	0	0	0	0	0	0	0	0	0	0	0	0	0	0	0	0	0	0	0	0
Root265	74	56	37	35	28	22	0	0	0	0	0	0	3	0	0	0	0	0	0	0	0	0	0	0	0	0	0	0	0	0	0	1	0	0	0	0	0	0	0	0	0	0
Root267	574	800	524	610	584	696	22	28	5	15	12	17	69	110	81	100	39	56	30	34	11	16	29	31	232	317	20	30	192	223	11	16	12	21	22	29	34	42	35	44	30	34
Root268	0	0	0	0	0	0	0	0	0	0	0	0	0	0	0	0	0	0	0	0	0	0	0	0	0	0	0	0	0	0	0	0	0	0	0	0	0	0	0	0	0	0
Root274	332	308	306	283	224	198	0	0	0	0	0	0	3	0	0	0	2	0	0	0	0	0	0	0	0	0	0	0	0	0	0	0	0	0	0	0	0	0	0	0	0	0
Root318D1	116	136	92	125	66	106	1	1	0	0	1	0	5	8	1	3	1	3	10	2	1	3	3	5	23	26	2	3	18	14	0	0	1	1	1	5	6	2	1	8	1	4
Root322	667	698	553	499	725	701	57	61	42	40	40	44	82	94	84	113	114	114	678	682	253	267	586	614	318	320	28	24	166	160	53	53	49	42	70	74	48	80	58	74	46	50
Root329	1108	1225	1046	1113	1036	1144	1002	1103	1228	1460	1315	1628	2485	2744	1643	1945	1777	2062	54	55	48	49	42	55	5049	5758	972	1132	3795	4403	943	1136	1249	1505	1831	1998	2214	2520	2552	2889	1933	2210
Root332	154	127	120	110	112	103	0	0	0	0	1	0	0	0	1	1	1	0	0	0	0	0	0	0	2	0	0	0	0	0	0	0	0	0	0	0	1	0	1	0	0	1
Root335	1	1	18	24	3	1	0	1	0	0	0	0	0	1	0	0	0	1	0	0	0	0	0	0	0	1	0	0	0	0	0	1	0	0	0	0	0	0	1	1	0	0
Root336D2	0	0	0	0	0	0	0	0	0	0	0	0	0	0	0	0	0	0	0	0	0	0	0	0	0	0	0	0	0	0	0	0	0	0	0	0	0	0	0	0	0	0
Root342	16	21	24	18	5	5	0	0	0	0	0	0	0	0	0	0	0	0	0	0	0	0	1	0	1	0	0	0	0	0	0	0	0	0	0	0	0	0	0	0	0	0
Root343	0	0	0	0	0	0	0	0	0	0	0	0	0	0	0	0	0	0	0	0	0	0	0	0	0	0	0	0	0	0	0	0	0	0	0	0	0	0	0	0	0	0
Root344	210	212	148	170	174	171	1	2	0	0	1	2	2	2	0	0	2	0	3	0	1	3	2	1	2	2	0	0	0	2	0	0	0	0	0	0	0	0	0	0	0	0
Root369	6	5	4	5	6	3	0	0	0	0	0	0	0	0	0	0	0	0	0	0	0	0	0	0	0	0	0	0	0	0	0	0	0	0	0	0	0	0	0	0	0	0
Root381	93	103	111	102	76	68	0	0	2	0	0	0	1	0	0	0	0	0	0	0	0	0	0	0	1	0	0	0	0	0	0	0	0	0	0	0	1	0	0	0	0	0
Root4	725	726	486	527	576	602	1	4	0	2	4	2	11	13	12	16	6	11	8	6	5	5	4	7	33	32	3	1	12	14	5	1	5	1	4	5	4	15	10	12	3	6
Root401	725	829	1357	1467	1374	1595	524	581	920	1015	1013	1166	955	1110	1297	1489	1241	1409	0	0	0	0	0	0	0	0	0	0	0	0	413	453	885	1012	1325	1575	274	340	866	1008	642	728
Root411	486	576	438	531	278	330	19	31	18	21	21	24	58	63	45	71	26	35	1188	1337	812	962	927	1043	525	596	40	47	360	496	17	20	10	21	37	47	28	41	36	48	25	21
Root413D1	22	19	16	11	9	8	0	0	0	0	0	0	0	0	0	0	0	0	0	0	0	0	0	0	0	0	0	0	0	0	0	0	0	0	0	0	0	0	0	0	0	0
Root418	0	0	0	0	0	0	0	0	0	0	0	0	0	0	0	0	0	0	0	0	0	0	0	0	0	0	0	0	0	0	0	0	0	0	0	0	0	0	0	0	0	0
Root420	0	0	0	0	0	0	0	0	0	0	0	0	0	0	0	0	0	0	0	0	0	0	0	0	0	0	0	0	0	0	0	0	0	0	0	0	0	0	0	0	0	0
Root431	0	0	0	0	0	0	0	0	0	0	0	0	0	0	0	0	0	0	0	0	0	0	0	0	0	0	0	0	0	0	0	0	0	0	0	0	0	0	0	0	0	0
Root436	8	3	6	7	0	2	0	0	0	0	0	0	0	0	0	0	0	0	0	0	0	0	0	0	0	0	0	0	0	0	0	0	0	0	0	0	0	0	0	0	0	0
Root444D2	94	84	60	86	90	92	0	0	0	0	0	0	2	0	0	0	0	0	0	0	0	0	0	0	0	0	0	0	0	0	0	0	0	0	0	1	0	0	0	0	0	0
Root456	38	25	26	31	29	29	0	0	0	0	0	0	0	0	0	0	0	0	0	0	0	1	0	0	0	0	0	0	0	0	0	0	0	0	0	1	0	0	0	0	0	0
Root472D3	67	66	44	46	57	45	0	0	0	0	0	0	0	0	0	1	0	0	0	0	0	0	1	0	0	1	0	0	0	1	0	0	0	0	0	0	0	0	0	1	0	0
Root482	2045	1831	1494	1409	1491	1453	0	5	1	0	0	0	8	5	0	3	0	3	0	0	0	0	0	0	1	1	0	0	0	0	0	1	0	0	0	1	1	0	0	0	0	0
Root483D1	53	47	91	85	70	77	0	1	0	0	1	0	0	0	0	0	0	0	0	1	0	1	0	0	2	0	0	0	0	0	1	1	0	1	0	0	0	0	0	0	0	0
Root487D2Y	27	19	11	23	6	12	0	0	0	0	1	0	0	0	0	1	0	0	0	0	0	0	0	0	0	0	0	0	0	0	0	0	0	0	0	0	0	0	0	0	0	0
Root491	878	769	771	662	1005	957	403	374	311	275	410	343	566	486	474	417	522	518	194	182	110	144	190	158	704	671	117	100	601	609	227	190	259	264	602	601	569	509	581	502	596	561
Root53	202	217	147	119	194	187	2	2	0	0	0	0	1	1	0	0	1	1	6	1	1	2	0	2	1	1	0	0	0	1	1	0	2	0	1	5	2	2	0	0	0	0
Root552	14	17	11	5	17	8	0	0	0	0	0	0	0	0	0	0	0	0	0	0	0	0	0	0	0	0	0	0	0	0	0	0	0	0	0	0	0	0	0	0	0	0
Root554	59	72	89	61	31	36	0	0	0	0	0	0	0	0	0	0	0	0	0	0	0	0	0	0	0	0	0	0	0	0	1	0	0	0	0	0	0	0	0	0	0	0
Root558	1337	1201	1088	1046	1511	1313	54	57	67	36	88	62	534	499	421	426	526	391	75	67	31	32	50	47	630	602	90	80	487	497	20	31	48	47	112	110	507	504	516	519	596	501
Root562	2427	2731	2641	3036	2711	2954	6797	7503	6664	7615	7023	7789	5626	6231	4871	5532	4172	4816	0	0	0	0	0	0	0	0	0	0	0	0	6064	7124	7093	8034	8091	9137	2962	3495	3863	4284	3253	3745
Root564	199	190	195	159	150	140	1	4	4	2	6	4	7	5	6	6	5	10	5	3	3	2	2	3	6	6	1	0	12	3	2	0	1	4	2	7	5	3	8	3	6	6
Root565	2638	2857	2257	2312	2284	2333	4834	5087	3934	4070	4496	4992	4094	4109	3236	3446	2873	2972	0	0	0	0	0	0	0	0	0	0	0	0	5084	5484	4338	4576	6950	7341	3665	3950	4536	4777	4163	4359
Root569	4310	4922	4107	4621	4123	4767	46626	52863	47239	54267	48338	55914	15556	17501	12007	14148	11129	12850	0	0	0	0	0	0	0	0	0	0	0	0	41637	47211	68588	77257	73314	83842	12845	14559	18557	20932	13544	15059
Root60	1316	1317	934	896	776	859	20	31	23	24	25	32	42	21	26	25	30	33	53	48	59	53	50	69	62	47	4	3	37	43	0	0	1	2	0	0	3	1	0	1	1	1
Root604	653	708	708	692	659	654	1	1	0	0	1	0	6	3	2	1	2	6	3	3	1	0	1	7	1	2	0	1	1	1	1	1	1	0	0	0	3	2	2	0	5	5
Root61	240	214	143	159	170	180	1	1	0	0	1	0	2	1	0	3	0	0	5	0	1	2	4	6	7	4	2	0	2	4	1	1	3	1	3	0	3	3	2	0	4	0
Root627	131	163	142	146	114	131	0	0	0	0	0	0	1	0	0	0	1	0	0	0	0	2	0	0	0	0	0	0	0	0	0	0	0	0	0	1	1	0	0	0	0	0
Root63	193	191	132	113	300	275	0	0	0	0	2	0	67	44	34	26	28	21	0	0	0	0	0	0	1	2	0	2	1	1	2	2	0	0	2	1	51	59	52	51	23	18
Root630	386	450	263	333	282	332	0	0	0	0	0	1	17	19	12	21	4	4	0	2	1	0	0	0	13	28	0	1	10	13	0	0	0	0	0	0	13	3	6	11	5	4
Root635	7	18	11	11	3	4	0	0	0	0	0	0	0	0	0	0	0	0	0	0	0	0	0	0	0	0	0	0	0	0	0	0	0	0	0	0	0	0	0	0	0	0
Root656	75	80	44	56	54	29	0	0	0	0	0	0	0	0	0	0	0	0	0	0	0	0	0	1	0	0	0	0	0	0	0	1	0	0	1	0	1	0	0	0	0	0
Root670	149	158	110	96	60	67	3	0	3	3	0	0	0	0	1	2	0	2	2	0	0	0	1	1	1	1	0	0	1	0	1	1	0	0	2	3	1	1	0	1	1	2
Root68	3201	3713	3072	3539	3107	3309	906	992	912	1061	654	788	9088	10217	6355	7179	6117	7070	0	0	0	0	0	0	0	0	0	0	0	0	671	734	684	826	1396	1500	8620	9601	9878	11220	7447	8458
Root682	202	208	138	117	179	176	1	0	0	0	0	0	0	1	0	0	0	1	1	2	0	1	0	0	0	0	0	0	0	0	1	0	0	0	0	1	0	2	0	0	0	2
Root685	39	50	46	55	41	32	0	0	0	0	0	0	2	2	1	0	1	1	0	0	0	0	0	0	2	2	0	1	0	2	0	0	0	0	0	0	2	0	0	0	0	1
Root690	209	220	161	182	252	269	0	1	0	1	1	4	11	19	17	9	3	4	0	2	1	0	2	1	75	90	3	7	52	52	0	3	2	1	2	2	1	0	1	2	3	1
Root695	192	213	127	111	187	162	0	0	0	0	1	0	0	0	0	0	1	0	1	1	0	0	0	2	0	2	0	0	0	0	0	1	0	0	0	0	0	0	0	0	0	0
Root70	347	398	305	289	244	302	9	5	0	4	0	3	0	4	0	5	2	2	26	59	18	20	19	28	7	7	0	1	10	4	2	6	3	0	7	2	2	0	1	1	0	0
Root700	65	59	51	42	48	48	0	0	0	1	0	1	0	0	0	0	0	0	0	0	0	0	0	0	1	2	0	0	0	0	0	0	0	0	1	0	0	0	0	0	0	0
Root708	312	304	243	230	221	190	0	3	1	1	0	1	0	0	0	0	0	0	0	0	0	0	0	0	0	0	1	0	0	0	0	0	1	0	1	0	0	0	0	0	0	0
Root710	59	61	49	42	88	86	0	0	0	0	0	0	0	0	0	1	0	0	0	0	0	0	0	0	0	0	0	0	0	0	0	0	0	0	0	0	0	0	0	0	0	0
Root720	422	430	329	347	495	504	0	0	0	0	0	0	0	0	0	0	0	1	0	0	0	0	0	0	1	2	0	0	1	0	0	0	0	0	0	0	0	0	0	0	1	0
Root76	247	329	232	290	324	344	1	0	0	0	1	1	3	3	2	1	1	0	0	0	2	0	0	0	2	1	0	0	1	0	0	0	0	0	0	0	3	0	1	2	1	4
Root79	126	127	82	82	156	186	0	0	0	0	0	0	0	1	0	0	0	0	0	0	0	0	0	0	0	0	0	0	0	0	0	0	0	0	0	0	0	0	0	1	0	0
Root81	245	265	129	179	337	323	1	0	4	2	1	1	1	2	2	2	0	0	1	0	0	0	2	3	2	4	0	2	1	0	0	1	1	4	3	0	4	1	2	1	2	0
Root83	210	246	160	155	63	63	16	20	19	19	9	9	17	18	23	17	15	17	44	48	27	39	46	60	78	75	9	2	37	52	13	17	21	11	22	20	15	17	18	20	15	21
Root9	712	792	663	718	562	616	451	537	153	130	108	120	622	759	567	693	464	515	79964	90793	54631	61433	70793	79536	14597	16884	2336	2584	10699	12036	105	116	115	187	137	180	368	424	477	540	452	564
Root901	0	0	0	0	0	0	0	0	0	0	0	0	0	0	0	0	0	0	0	0	0	0	0	0	0	0	0	0	0	0	0	0	0	0	0	0	0	0	0	0	0	0
Root918	261	359	233	262	253	327	105	130	34	68	50	49	58	59	52	57	65	62	35	30	23	26	28	22	46	60	7	10	42	57	48	77	24	34	36	53	45	67	55	65	38	52
Root920	1668	1743	1145	1167	1264	1351	572	516	1	4	4	2	62	66	23	17	29	22	0	0	0	0	0	0	0	0	0	0	0	0	5	8	9	14	12	9	46	62	19	38	57	52
Root935	0	0	0	0	0	0	0	0	0	0	0	0	0	0	0	0	0	0	0	0	0	0	0	0	0	0	0	0	0	0	0	0	0	0	0	0	0	0	0	0	0	0
Soil522	4	4	3	5	13	9	0	0	0	0	0	0	0	0	0	0	0	0	0	0	0	0	0	0	0	0	0	0	0	0	0	0	0	0	0	0	0	0	0	0	0	0
Soil535	120	159	84	79	131	127	0	2	0	0	1	2	0	0	0	0	0	0	1	0	0	0	1	0	0	0	0	1	1	0	0	1	0	0	1	0	0	0	0	0	0	0
Soil538	51	53	30	32	37	49	0	1	0	0	0	0	0	0	0	0	0	0	0	0	0	0	0	0	0	0	0	0	0	1	0	0	0	0	0	0	0	0	0	0	0	0
Soil728	91	108	81	94	85	101	0	0	0	0	0	0	0	0	0	0	0	0	1	0	0	0	0	0	0	0	0	0	0	0	0	0	1	0	0	0	0	0	0	0	0	0
Soil729	44	56	44	40	43	66	0	1	0	0	0	0	0	0	0	0	0	1	0	0	0	0	0	0	0	0	0	0	0	0	0	0	0	0	0	0	0	0	0	0	0	0
Soil736	93	95	79	88	84	106	1	1	2	1	0	2	1	3	1	1	0	2	2	1	2	0	2	2	6	5	1	0	3	5	3	2	0	0	0	1	3	4	1	3	1	1
Soil745	52	38	52	61	29	43	0	0	0	0	0	1	0	2	0	0	0	2	0	0	0	0	0	0	0	1	0	0	0	0	0	0	0	0	1	0	0	2	1	1	2	2
Soil748	101	177	76	92	88	100	0	1	0	0	0	0	1	0	2	0	0	0	0	0	0	0	0	1	0	0	0	0	0	0	0	0	0	0	0	0	0	0	0	0	0	0
Soil750	14	9	11	15	10	7	1	0	0	0	0	0	0	0	0	0	0	0	0	0	0	0	0	0	0	0	0	0	0	0	0	0	0	0	0	0	0	0	0	0	0	0
Soil756	137	150	95	129	157	163	0	0	0	0	0	0	0	0	0	0	1	0	0	0	0	0	0	0	0	0	0	0	0	0	0	0	0	0	0	0	0	0	0	0	0	0
Soil761	281	280	212	230	319	302	4	9	4	0	3	8	2	5	4	3	1	4	9	7	7	7	6	7	9	4	3	0	3	1	3	5	3	4	8	2	6	4	2	5	1	2
Soil762	231	258	178	149	251	237	1	2	0	0	0	2	1	4	2	1	0	2	1	3	3	4	3	3	5	11	1	1	2	4	4	3	3	0	2	4	1	1	1	2	1	2
Soil763	537	584	414	414	535	545	9	22	9	11	7	9	34	32	24	29	22	11	21	20	16	20	18	16	47	56	1	4	21	23	7	13	13	14	23	22	20	30	29	20	26	23
Soil764	407	419	302	248	412	398	9	8	9	4	5	8	11	7	5	15	9	5	16	12	14	15	16	14	18	13	0	2	5	6	13	8	7	8	16	17	15	11	9	11	10	6
Soil766	89	81	55	55	65	80	0	0	0	0	0	0	0	0	0	0	0	0	0	0	0	0	0	0	0	0	0	0	0	0	0	0	0	0	0	0	0	0	0	0	0	0
Soil768D1	47	42	40	48	21	22	0	0	0	0	0	0	0	0	0	0	0	0	0	0	0	0	0	1	0	0	0	0	0	0	0	0	0	1	0	1	0	1	0	2	0	1
Soil772	351	382	294	342	201	252	0	1	1	1	0	0	8	10	5	9	3	5	1	0	0	1	0	3	17	26	4	2	10	17	0	0	0	0	0	0	0	0	0	0	0	0
Soil773	175	247	158	200	206	237	3	4	2	4	2	1	67	76	59	71	51	54	59	73	35	57	52	57	602	705	24	34	212	233	4	1	2	5	9	7	22	33	30	28	46	44
Soil782	98	100	66	81	106	107	0	0	0	0	0	0	0	0	0	0	0	0	0	0	0	0	1	0	0	0	0	0	0	0	0	0	0	0	0	0	0	0	0	0	0	0
Soil787	3	2	1	0	0	0	0	0	0	0	0	0	0	0	0	0	0	0	0	0	0	0	0	0	0	0	0	0	0	0	0	0	0	0	0	0	0	0	0	0	0	0
Soil797	38	48	51	60	49	67	0	0	0	0	0	0	0	0	0	0	0	0	0	0	0	0	0	0	0	0	0	0	0	0	0	0	0	0	0	0	0	0	0	0	0	0
Soil803	36	20	5	12	16	24	1	0	0	0	0	0	0	0	0	0	0	0	0	0	0	0	0	0	0	0	0	0	0	0	0	0	0	0	0	0	0	0	0	0	0	0
Soil805	126	142	93	108	122	132	0	0	0	0	0	0	0	0	0	0	0	0	0	0	0	0	0	0	0	0	0	0	0	0	0	0	0	0	0	0	0	0	0	0	0	0
Soil809	1681	1720	1209	1274	997	1105	6	6	7	7	2	4	9	9	15	16	9	9	16	18	6	15	10	17	15	30	4	4	18	19	0	0	0	0	0	0	0	0	0	0	0	0
Soil810	269	310	264	294	213	251	1	1	0	0	0	0	0	0	1	0	0	0	0	0	0	0	0	0	0	0	0	0	0	0	0	0	0	0	0	0	0	0	0	0	1	0
