	input1	input2	input3	input4	input5	input6	matrixf21	matrixf11	matrixf12	matrixf13	matrixf14	matrixf21D	matrixf22	matrixf23	matrixf24	matrixf31	matrixf32	matrixf33	matrixf34	rootf11	rootf12	rootf13	rootf14	rootf21	rootf22	rootf23	rootf24	rootf31	rootf32	rootf33	rootf34	matrixhc11	matrixhc12	matrixhc13	matrixhc14	matrixhc21	matrixhc22	matrixhc23	matrixhc24	matrixhc31	matrixhc32	matrixhc33	matrixhc34	roothc11	roothc12	roothc13	roothc14	roothc21	roothc23	roothc24	roothc31	roothc32	roothc33	roothc34	matrixhs11	matrixhs12	matrixhs13	matrixhs14	matrixhs21	matrixhs22	matrixhs23	matrixhs24	matrixhs31	matrixhs32	matrixhs33	matrixhs34	rooths11	rooths12	rooths13	rooths14	rooths21	rooths22	rooths23	rooths24	rooths31	rooths32	rooths33	rooths34
Root558	3056	2379	1758	70	1099	1123	469	7	27	7	2	31	21	14	43	8	22	14	11	32	29	12	38	43	71	41	54	0	59	52	63	62	47	9	2	4	12	43	18	88	72	24	50	89	99	83	104	126	77	108	103	85	214	141	33	24	297	30	46	21	65	37	82	0	90	76	114	91	14	89	133	208	62	122	122	54	159	124
Root1252	2196	1796	1319	42	847	854	24	4	5	4	1	4	11	8	11	6	9	4	3	2	3	4	24	4	6	1	9	0	10	4	7	15	30	10	6	6	31	12	1	16	18	14	14	19	18	12	8	15	25	27	22	29	22	26	4	16	90	11	22	10	30	18	16	0	22	15	19	16	4	11	16	26	7	16	9	10	9	16
Root16D2	228	166	193	2	107	102	171	0	0	2	1	6	0	1	0	1	3	1	0	32	3	14	24	8	23	2	8	1	9	13	2	13	2	1	0	2	0	6	2	0	13	2	8	516	120	2	31	56	193	915	205	58	7	40	4	0	30	0	0	0	0	3	2	0	0	0	93	5	0	22	24	69	44	505	3	2	3	3
Soil810	360	287	216	5	140	152	39	4	10	6	4	12	19	10	12	3	5	7	16	6	8	13	6	8	15	10	13	0	5	5	7	13	14	4	4	5	9	7	5	5	10	8	5	26	26	8	18	20	78	35	17	22	16	16	6	17	81	18	54	47	21	19	24	0	17	32	30	32	6	15	38	57	26	21	9	12	24	25
Root76	403	389	306	8	182	210	248	8	2	4	2	37	14	16	13	15	49	4	7	20	20	7	23	35	29	29	36	0	53	59	25	15	10	9	1	2	7	11	7	6	41	13	12	51	26	105	97	94	80	54	68	46	83	45	68	43	696	12	59	18	55	54	118	0	74	95	473	250	12	335	128	167	101	229	156	132	285	192
Root482	1403	1352	1051	38	633	566	99	6	7	3	3	10	14	16	21	5	25	20	13	14	14	14	9	24	19	23	18	0	25	20	28	34	33	9	5	6	9	11	7	8	18	20	25	76	62	62	28	138	71	66	54	54	147	41	8	20	50	20	28	16	31	11	17	0	23	28	24	19	4	10	43	103	39	55	58	21	77	45
Root219	1929	1661	1351	37	845	750	1155	60	8	61	33	124	149	104	255	143	226	19	13	130	125	100	117	163	343	204	264	6	262	74	166	2470	6924	489	145	341	479	704	555	2426	954	149	1459	714	589	459	572	829	909	763	641	427	564	715	34	71	874	12	40	8	37	12	11	0	33	16	114	145	19	106	223	740	243	180	55	144	98	144
Root137	226	196	170	1	78	104	461	5	19	2	0	12	20	9	26	18	18	23	13	37	88	78	130	68	91	54	90	2	122	144	78	25	301	15	2	1	13	32	8	31	38	53	17	295	68	203	153	86	244	197	375	242	464	299	17	21	356	26	20	23	26	52	43	0	53	54	276	357	14	149	154	207	85	171	220	153	282	214
Root151	317	284	220	11	112	122	66	4	11	9	3	4	32	1	7	11	4	8	23	8	21	7	10	3	8	11	36	0	9	10	8	9	5	8	4	4	4	30	36	1	10	7	2	46	53	24	11	18	50	46	20	29	16	33	8	20	42	30	20	9	24	8	25	0	23	30	10	4	5	17	5	27	8	9	6	1	5	7
Root322	111	98	106	5	65	48	378	13	63	19	11	30	70	24	38	31	36	31	30	61	117	157	149	70	78	73	78	1	119	186	214	10	6	21	1	4	20	13	5	6	29	60	27	151	80	105	115	116	459	102	242	279	405	281	18	43	316	61	94	71	68	65	83	0	91	124	369	242	20	185	187	374	253	343	375	277	476	391
Root63	228	201	145	4	83	111	1	0	8	0	0	1	1	0	3	0	2	5	4	4	1	0	0	0	1	2	3	0	0	2	5	1	0	0	0	0	0	0	0	2	0	1	0	0	0	0	0	0	0	0	1	0	0	0	1	0	5	0	0	3	0	0	16	1	24	23	2	0	0	0	0	5	2	2	13	4	35	8
Root604	289	286	191	5	115	131	7	1	0	2	0	3	5	2	6	3	3	3	3	1	0	0	2	0	3	0	1	0	10	3	4	8	2	2	0	0	2	2	0	1	2	1	1	7	3	10	8	5	10	2	1	2	3	1	2	3	14	1	11	3	5	6	12	0	12	9	8	2	0	8	6	1341	2	3	5	4	10	8
Root239	223	163	148	2	93	71	1	5	22	1	3	0	8	1	1	6	6	9	14	0	6	0	1	0	0	1	0	0	0	1	4	3	2	4	0	1	1	1	0	0	3	7	1	0	0	0	2	1	2	0	6	2	1	1	2	10	7	37	6	27	7	0	11	0	10	23	0	0	3	1	0	1	1	2	1	1	4	6
Root411	308	282	247	6	141	145	5815	1083	407	658	939	855	1418	1513	1075	1168	1253	450	596	531	634	405	507	1163	1074	924	860	3	628	610	829	2991	1755	1469	651	869	1276	1246	798	889	1681	1354	1921	901	784	1661	984	1828	1824	841	455	1172	1929	1076	2061	2430	3843	2076	3217	2042	2962	2137	1385	6	1571	1397	1529	1219	399	1421	1867	3074	2282	1317	1356	987	1739	1684
Root720	104	85	82	1	40	42	5	18	16	7	15	14	24	15	18	22	16	9	20	5	6	4	2	17	9	9	10	0	5	0	11	73	61	8	4	4	5	16	15	22	18	5	24	8	3	11	1	15	11	10	2	3	14	13	38	51	44	55	64	31	48	54	33	1	52	36	18	10	8	10	12	25	16	9	5	14	3	10
Root344	42	32	29	1	17	20	586	62	92	14	22	102	228	128	141	30	44	143	192	112	75	20	28	106	297	163	178	1	37	54	238	15	21	40	58	63	85	42	14	7	35	78	21	50	46	92	247	129	136	75	26	31	210	80	0	0	0	0	0	0	0	0	0	0	0	0	0	0	0	0	0	0	0	0	0	0	0	0
Root60	164	115	102	3	65	43	895	52	71	50	53	46	216	68	87	57	40	66	116	110	147	165	200	195	195	130	170	3	141	78	212	56	15	45	20	35	48	73	17	14	63	87	34	758	343	191	191	276	820	664	443	528	529	307	1	6	9	9	23	29	9	7	10	0	4	8	8	7	2	4	12	15	12	14	3	2	10	5
Root101	93	76	75	0	28	34	68	7	9	2	2	6	19	4	6	4	5	6	10	8	5	12	13	6	13	12	4	0	6	15	11	0	1	2	1	1	1	2	1	2	7	7	4	18	10	11	13	6	50	9	17	12	102	17	7	13	51	4	30	25	15	31	20	0	15	29	23	6	1	11	16	79	39	33	14	15	26	23
Root627	214	213	149	3	100	97	2390	879	531	609	767	731	975	1530	1075	714	1085	704	627	310	313	889	921	456	566	413	543	3	1001	387	461	6551	11479	812	377	850	1542	1193	2144	2779	1575	851	3515	1242	702	1146	642	1103	2700	1555	1497	1351	1268	3134	1932	3653	2281	2338	2328	3126	2799	1640	768	6	870	1387	862	1873	491	1305	650	1348	1047	747	495	414	430	599
Soil805	73	61	50	1	45	24	5	1	1	4	0	3	1	1	1	1	4	0	0	1	2	29	95	3	2	0	4	0	32	0	3	56	17	3	2	0	1	3	3	16	45	3	11	163	72	4	3	3	32	14	55	183	4	36	0	0	1	0	0	0	0	0	0	0	0	0	0	16	0	0	0	0	0	0	0	0	0	0
Root179	135	123	102	3	63	60	2957	1260	1028	504	938	930	1184	1397	1584	1243	985	1059	1234	497	606	395	613	949	988	1173	972	6	732	472	1066	2562	1706	625	212	641	1121	784	697	1594	1893	832	2055	812	434	738	470	964	1328	1313	907	1040	2316	1168	805	555	2494	965	911	733	933	407	384	2	659	743	333	455	239	551	367	992	583	622	215	473	337	648
Root224	41	25	30	1	9	12	259	25	26	12	15	66	115	79	79	15	9	18	113	24	28	77	48	89	122	71	87	1	43	27	64	39	2	34	25	20	42	30	25	8	18	63	28	300	159	108	123	145	615	360	283	210	177	219	18	43	292	99	179	85	328	92	61	0	127	289	134	84	53	111	105	165	184	92	81	61	72	114
Root444D2	18	17	14	0	8	5	20	27	11	14	0	4	5	5	2	39	40	5	2	2	8	10	23	3	4	6	3	1	22	3	3	55	40	8	2	8	8	7	11	28	43	18	23	29	58	17	23	8	32	34	52	43	28	44	37	13	12	16	14	20	10	14	13	0	3	12	8	11	3	5	4	13	1	17	3	7	6	5
Root122	49	56	37	1	22	23	4	0	0	0	0	0	0	0	0	0	0	0	0	0	0	0	2	0	0	0	1	0	2	4	1	0	0	0	0	0	0	0	0	0	0	0	0	2	2	0	2	0	4	1	0	2	2	0	0	1	4	0	0	1	1	1	0	0	1	0	5	6	0	4	1	0	2	3	0	1	3	0
Root682	211	134	135	4	96	96	33	8	0	0	0	12	12	11	21	4	8	5	7	21	77	2	1	66	128	190	89	0	3	22	130	1	2	1	0	1	3	1	3	1	0	8	4	2	0	1	3	15	4	5	0	0	16	6	8	12	2212	14	20	7	21	14	21	0	58	24	55	50	11	120	17	208	80	36	25	139	28	135
Root695	7	5	1	0	4	2	219	7	8	15	11	16	23	19	26	10	9	11	4	8	18	37	42	23	39	17	18	1	57	17	13	35	11	15	9	8	14	10	12	12	19	28	15	53	36	31	25	38	135	68	60	61	111	92	8	53	143	44	37	27	47	46	41	0	23	44	40	33	16	42	22	110	50	36	28	22	31	34
Root487D2Y	59	67	43	1	27	24	783	111	48	79	210	181	152	191	84	134	106	55	76	141	60	144	165	155	322	112	210	2	177	72	135	1426	2381	183	118	200	177	387	404	710	216	163	398	320	304	282	373	536	623	350	241	256	261	421	313	741	862	415	346	623	342	459	170	0	188	156	305	364	51	357	448	551	416	483	118	117	182	124
Root79	114	114	78	2	51	43	3034	44	93	44	21	128	120	114	146	45	60	109	113	259	259	114	122	349	1042	981	800	0	128	132	692	184	74	66	48	38	92	108	45	46	132	158	89	89	71	138	1082	810	341	52	71	265	1213	416	101	290	5551	246	230	216	395	161	185	1	222	233	270	641	69	372	823	2032	881	398	113	628	439	577
Root180	149	110	108	9	74	84	5	0	1	0	0	0	0	0	2	0	1	0	0	2	0	0	5	1	1	0	2	0	4	2	2	0	2	0	0	0	0	1	0	0	1	0	0	14	11	4	4	3	10	10	8	6	4	4	0	0	4	0	0	0	1	0	1	0	2	0	9	7	0	9	5	1	3	7	1	5	12	9
Root154	317	271	231	9	120	145	137	23	10	8	8	26	49	24	16	26	30	11	5	20	20	30	25	19	47	22	33	0	24	26	46	45	18	18	3	2	8	11	5	15	16	18	29	27	22	34	34	59	81	24	31	42	150	61	57	68	251	40	40	5	61	39	47	0	54	54	66	56	9	86	77	176	60	102	65	48	86	82
Root68	2293	1743	1469	54	932	753	16	964	93	607	436	390	981	994	613	1260	2130	114	203	57	283	20	104	141	165	148	147	1	70	28	257	0	0	0	0	0	0	0	0	0	0	0	0	0	0	0	0	0	0	0	0	0	0	0	1150	780	435	167	1362	356	691	735	480	2	460	609	139	255	175	73	161	126	75	74	48	66	62	175
Root413D1	9	12	13	0	4	1	480	95	140	92	68	132	280	205	147	121	196	183	140	64	99	97	137	86	159	119	73	1	132	84	166	356	200	161	58	58	174	233	108	115	286	239	317	362	405	167	140	271	487	549	327	325	397	377	239	475	642	322	412	357	480	231	378	0	367	491	224	272	59	230	234	560	149	221	229	159	285	273
Root335	0	0	0	0	0	0	0	0	0	0	0	0	0	0	0	0	0	0	0	0	0	0	0	0	0	0	0	0	0	0	0	0	0	1	0	0	0	0	0	0	0	0	0	0	0	0	0	0	0	0	0	0	0	0	0	0	0	0	0	0	0	0	0	0	0	0	0	0	0	0	0	0	0	0	0	0	0	0
Root491	1291	1137	862	41	495	586	3180	495	1042	234	248	286	740	424	644	650	974	963	900	360	713	419	729	336	991	464	521	6	737	458	800	796	782	353	83	86	162	342	147	534	783	523	569	1079	745	520	519	847	1389	1073	1144	1496	2058	1274	555	832	2086	1325	1857	1188	1718	836	2017	10	2037	2339	935	1003	279	759	1174	2898	1223	1170	1064	957	2130	1482
Root267	1097	1009	817	22	408	455	310	3	5	3	3	0	1	3	4	1	5	2	5	49	9	9	1	9	21	11	14	0	19	19	71	25	42	0	3	3	8	21	6	27	11	2	17	27	11	7	10	102	62	102	172	21	85	63	8	10	198	5	11	0	10	2	5	0	4	7	18	12	1	17	107	258	35	33	68	36	45	101
Root107	0	0	0	0	0	0	0	0	0	0	0	0	0	0	0	0	0	0	0	0	0	0	0	0	0	0	0	0	0	0	0	0	0	0	0	0	0	0	0	0	0	0	0	0	0	0	0	0	0	0	0	0	0	0	0	0	0	0	0	0	0	0	0	0	0	0	0	0	0	0	0	0	0	0	0	0	0	0
Root630	473	435	308	10	212	184	10	4	0	7	1	16	7	8	14	18	33	0	0	1	8	1	8	5	6	4	8	0	11	27	9	91	284	1	0	0	1	7	3	228	40	0	21	9	6	6	5	6	5	12	17	8	3	15	33	7	55	2	10	1	13	11	14	0	12	16	37	36	5	19	14	10	13	31	37	10	17	15
Root274	1167	1009	739	40	442	495	61	3	1	0	0	16	8	6	15	12	15	3	1	18	7	7	18	18	33	14	22	0	11	17	19	34	33	0	3	1	4	9	9	12	24	7	26	19	20	15	14	64	20	30	28	12	49	20	13	13	118	1	14	1	16	5	16	1	15	16	49	12	5	36	100	54	41	69	52	11	28	19
Root131	826	730	598	17	329	292	0	0	0	1	0	0	4	0	3	0	0	0	0	0	0	0	0	0	1	0	1	0	0	0	2	4	2	0	1	1	0	0	0	1	0	1	1	1	0	0	0	0	1	0	0	1	0	0	1	0	4	0	2	1	1	0	3	0	0	1	0	4	1	0	3	3	0	2	0	0	2	1
Root1277	355	269	225	6	132	137	71	46	36	31	41	127	89	106	53	82	80	63	37	47	49	10	32	31	77	60	72	0	52	57	74	75	30	22	11	23	51	36	80	23	56	93	83	40	81	99	76	163	57	133	95	98	151	231	50	54	248	50	76	27	85	68	94	0	75	110	149	63	45	144	125	35	77	131	111	140	207	123
Soil756	82	59	50	2	30	36	67	8	7	8	5	6	21	5	13	10	6	10	9	15	9	6	19	14	43	23	13	0	17	5	21	8	16	2	1	1	5	4	4	2	2	8	5	37	34	31	24	21	67	46	18	32	33	16	0	0	0	0	0	0	0	0	0	0	0	0	0	0	0	0	0	0	0	0	0	0	0	0
Soil729	0	0	0	0	0	0	2	0	0	0	0	1	1	0	1	0	1	0	0	1	1	0	0	1	0	0	0	0	2	0	1	0	0	1	0	0	0	0	0	0	0	0	0	0	0	0	1	0	5	0	0	0	0	0	0	0	0	0	0	0	0	0	0	0	0	0	0	0	0	0	0	0	0	0	0	0	0	0
Root332	5	3	8	0	2	2	0	0	0	0	0	0	0	0	0	0	0	0	0	0	0	0	0	0	0	0	0	0	0	0	0	0	0	0	0	0	0	0	0	0	0	0	0	0	0	0	0	0	0	0	0	0	0	0	0	0	0	0	0	0	0	0	0	0	0	0	0	0	0	0	0	0	0	0	0	0	0	0
Root318D1	70	62	52	2	29	27	117	15	1	4	8	29	11	17	2	99	405	7	3	38	21	30	30	30	36	14	36	1	40	29	31	470	72	29	16	22	50	255	92	25	338	42	291	164	217	66	54	47	87	320	202	128	177	41	216	62	269	12	32	11	18	42	51	2	59	27	91	49	11	42	173	525	49	83	84	24	118	59
Soil772	287	246	210	5	155	142	3882	3381	1234	1525	2589	3435	4016	3446	2448	3603	2816	2249	3191	660	986	800	1362	1196	1377	1030	1291	24	1862	686	1184	7545	7897	2364	1151	1501	2331	1662	2038	2685	3670	2312	3834	2431	1952	2600	1547	2079	3680	2358	1609	1811	1810	2508	0	0	0	0	0	0	0	0	0	0	0	0	0	0	0	0	0	0	0	0	0	0	0	0
Soil809	0	0	0	0	0	0	0	0	0	0	0	0	0	0	0	0	0	0	0	0	0	0	0	0	0	0	0	0	0	0	0	0	0	0	0	0	0	0	0	0	0	0	0	0	0	0	0	0	0	0	0	0	0	0	0	0	0	0	0	0	0	0	0	0	0	0	0	0	0	0	0	0	0	0	0	0	0	0
Soil748	117	94	86	2	42	46	40	6	10	3	2	5	13	5	8	3	0	3	18	6	6	7	7	8	1	3	6	0	9	1	2	5	12	2	0	1	2	4	8	2	2	2	1	23	19	9	7	9	35	14	6	6	15	10	0	0	0	0	0	0	0	0	0	0	0	0	0	0	0	0	0	0	0	0	0	0	0	0
Soil803	90	57	74	2	34	31	17	0	2	2	1	3	5	5	6	8	6	1	7	6	3	2	9	7	9	7	4	0	8	7	10	0	1	2	0	0	4	1	1	0	3	2	1	31	24	9	15	11	40	19	18	16	15	9	3	6	30	12	27	14	18	6	13	0	10	5	24	19	2	19	19	34	19	10	6	6	10	13
Root53	8	7	4	0	0	4	0	1	0	1	0	1	0	0	0	3	11	14	1	2	2	7	6	3	1	0	1	1	10	8	8	0	0	0	0	2	3	8	5	2	4	13	11	0	104	19	0	6	2	109	81	59	27	74	4	3	1	0	2	0	1	1	3	0	10	7	30	34	0	0	12	0	4	10	19	8	25	17
Soil535	200	132	100	1	75	75	24	1	4	2	1	1	0	0	1	0	0	0	0	1	2	2	6	2	3	3	1	1	2	1	2	2	2	0	0	1	0	0	0	0	0	1	3	2	0	2	8	8	1	1	1	7	4	6	2	0	25	0	1	0	3	0	0	0	3	2	15	5	0	11	4	20	1	7	5	7	6	1
Root189	331	366	255	4	159	178	340	7	1	17	7	4	12	8	10	28	78	9	6	59	101	33	58	48	114	58	72	1	96	184	124	95	41	25	3	2	30	56	23	41	79	28	75	212	204	89	103	244	96	205	105	73	253	142	62	30	706	13	16	0	30	14	29	0	36	31	486	92	3	190	144	216	103	438	133	222	216	216
Soil522	0	0	0	0	0	0	0	0	0	0	0	0	0	0	0	0	0	0	0	0	0	0	0	0	0	0	0	0	0	0	0	0	0	0	0	0	0	0	0	0	0	0	0	0	0	0	0	0	0	0	0	0	0	0	0	0	0	0	0	0	0	0	0	0	0	0	0	0	0	0	0	0	0	0	0	0	0	0
Root61	91	53	69	2	29	38	258	31	113	66	55	128	212	98	101	45	27	97	156	73	53	207	210	103	125	95	107	2	242	115	191	27	13	53	19	20	44	26	43	4	28	66	44	352	356	183	198	137	575	358	317	508	377	280	43	137	304	179	190	156	232	230	127	0	121	123	394	312	96	322	161	338	285	284	304	154	407	248
Soil782	497	515	426	14	205	212	2	0	0	0	0	0	0	0	3	0	0	0	0	0	0	0	0	0	0	0	7	0	0	0	1	0	1	0	0	0	1	0	0	0	1	0	2	0	0	0	0	3	0	0	0	0	0	1	0	1	2	0	0	1	1	2	0	0	0	0	1	0	0	4	1	2	1	0	0	0	0	0
Soil736	83	63	77	3	44	42	106	16	4	45	12	4	98	42	35	38	54	6	5	6	4	31	42	13	9	18	12	0	24	15	13	70	3	72	11	6	28	127	24	2	168	26	80	390	520	52	24	30	448	746	120	174	69	45	42	75	33	15	59	27	42	65	17	0	22	26	19	85	24	10	33	66	38	27	10	7	21	24
Soil728	304	298	247	9	160	155	12	5	2	0	0	6	13	7	6	1	2	5	0	3	3	3	3	2	2	6	1	0	4	2	7	0	2	3	0	0	2	3	2	0	5	4	2	10	8	1	2	5	24	13	2	5	6	9	0	6	18	10	7	13	14	8	5	0	5	9	4	7	1	6	8	15	7	8	1	3	4	6
Root342	0	0	0	0	0	1	0	0	0	0	0	0	0	0	0	0	0	0	0	0	0	0	0	0	0	0	5	1	1	0	0	0	0	57	0	0	0	0	0	0	2	0	0	0	0	161	0	0	0	0	0	0	0	0	0	0	0	0	0	0	0	0	0	0	18	1	4	0	0	0	0	8	0	6	0	0	81	0
Soil763	576	461	419	17	207	216	500	16	3	32	9	31	105	38	60	33	25	16	21	43	50	57	108	42	76	32	43	1	80	37	84	39	20	67	11	15	37	79	18	45	136	88	63	619	408	144	104	107	695	336	412	424	460	271	34	48	230	24	121	64	136	88	97	1	72	96	158	224	18	94	118	282	148	124	86	67	183	113
Root456	0	0	0	0	0	0	0	0	0	0	0	0	0	0	0	0	0	0	0	0	0	0	0	0	0	0	0	0	0	0	0	0	0	0	0	0	0	0	0	0	0	0	0	0	0	0	0	0	0	0	0	0	0	0	0	0	0	0	0	0	0	0	0	0	0	0	0	0	0	0	0	0	0	0	0	0	0	0
Root670	90	69	83	2	43	33	1502	48	99	45	57	121	183	139	124	73	55	116	143	78	131	107	163	128	189	141	143	2	193	128	192	137	107	74	28	37	102	71	52	55	76	126	86	195	137	282	213	337	414	245	272	351	796	384	108	278	1125	379	448	292	513	263	244	0	296	357	279	303	82	299	261	643	322	229	241	242	341	348
Root227	350	324	293	10	162	191	885	392	940	140	365	238	878	213	343	239	151	479	1226	251	1007	218	445	436	532	430	847	2	574	230	1029	347	604	367	144	191	282	228	108	364	231	507	334	321	240	1194	535	487	433	153	115	385	1048	352	445	826	2270	2339	2398	3490	2369	1466	711	5	1071	1541	587	914	360	555	1229	1363	803	368	391	682	345	937
Root190	22	12	5	0	4	7	0	0	0	1	0	0	0	0	0	0	0	0	0	0	0	0	0	0	0	0	0	0	0	0	0	0	0	0	0	0	0	0	1	0	1	0	0	0	0	1	0	0	0	0	0	0	1	0	1	0	0	0	2	0	0	0	0	0	0	0	0	0	0	0	0	0	0	0	0	0	0	0
Soil761	300	236	221	5	114	116	1246	843	1014	544	697	175	1396	683	521	974	669	977	1048	224	323	321	298	127	216	225	259	5	329	267	631	535	170	724	193	133	244	769	247	95	960	880	405	1369	1364	493	261	455	2858	1615	1050	997	1469	1043	894	1279	845	2237	3189	4302	1744	1337	1694	2	1515	1713	411	561	282	339	550	1220	670	447	492	564	953	868
Root343	0	0	0	0	0	0	0	0	0	0	0	0	0	0	0	0	0	0	0	0	0	0	0	0	0	0	0	0	0	0	0	0	0	0	0	0	0	0	0	0	0	0	0	0	0	0	0	0	0	0	0	0	0	0	0	0	0	0	0	0	0	0	0	0	0	0	0	0	0	0	0	0	0	0	0	0	0	0
Soil762	778	707	631	22	333	286	6	2	0	3	3	0	5	2	5	0	9	0	3	2	3	0	3	4	2	0	3	0	1	1	3	0	3	2	2	1	6	7	1	1	2	2	6	4	7	5	3	3	7	3	8	1	7	8	12	13	14	5	8	5	20	8	2	0	9	3	13	12	4	6	2	4	4	6	1	7	1	5
Soil797	38	35	23	1	17	16	6	4	9	3	0	3	2	0	1	10	0	2	22	0	0	9	1	0	0	2	27	0	2	4	0	4	7	0	0	0	0	10	39	1	1	2	2	3	11	9	2	3	35	27	12	7	4	8	3	1	3	28	1	5	9	9	1	0	22	11	5	2	6	2	0	2	0	0	1	0	1	0
Soil538	31	24	21	0	9	17	73	21	9	11	21	73	104	60	87	11	10	25	53	34	20	9	14	95	141	84	70	0	39	21	69	34	13	6	4	12	18	7	8	7	6	19	5	12	8	39	18	54	16	8	4	12	52	25	8	43	285	19	141	64	124	55	77	0	75	73	42	104	30	66	102	117	98	44	59	45	31	62
Root265	45	39	26	3	19	22	513	28	71	25	11	97	202	226	168	33	56	64	79	49	57	19	24	103	201	130	148	1	166	51	297	931	192	222	100	56	203	287	108	333	137	268	313	154	291	347	233	262	125	136	73	115	317	311	68	326	1440	181	255	124	416	135	233	1	269	338	90	177	109	133	181	166	174	104	102	208	188	249
Root483D1	136	100	85	2	41	46	436	3	8	9	10	13	26	23	25	13	19	15	13	35	31	32	44	30	73	26	39	0	40	25	65	32	16	13	5	5	25	16	13	13	32	37	20	115	123	90	81	138	110	153	74	82	139	104	20	47	132	34	71	23	70	34	50	0	33	45	66	65	10	30	164	188	63	75	59	34	72	59
Root4	346	332	238	7	152	181	1	1	0	0	0	2	0	0	0	0	3	0	1	0	5	1	1	2	0	0	0	0	0	5	5	1	0	0	0	0	1	0	0	0	2	1	3	0	0	4	1	0	18	2	1	0	8	35	2	0	9	0	0	0	4	0	0	0	12	1	3	2	0	2	2	10	2	7	9	7	8	26
Root264	30	52	15	0	16	13	18	0	0	0	0	0	0	0	0	0	6	4	2	100	20	0	0	12	29	3	2	4	0	48	47	1	0	0	0	0	0	0	0	0	0	1	0	0	0	95	3	102	0	1	0	0	432	4	0	0	20	0	0	0	0	0	0	0	3	3	0	0	0	5	47	881	243	1	388	690	394	82
Soil750	9	5	6	0	3	4	32	41	23	16	21	10	23	18	13	29	27	22	6	6	13	4	13	11	10	8	18	0	15	2	15	56	79	4	10	6	19	27	22	41	21	28	41	21	20	16	6	15	18	30	19	12	21	18	21	40	55	27	30	22	45	24	38	1	23	41	15	21	7	16	13	29	11	7	6	17	12	25
Root112D2	0	0	0	0	0	0	0	0	0	0	0	0	0	0	0	0	0	0	0	0	0	0	0	0	0	0	0	0	0	0	0	0	0	0	0	0	0	0	0	0	0	0	0	0	0	0	0	0	0	0	0	0	0	0	0	0	0	0	0	0	0	0	0	0	0	0	0	0	0	0	0	0	0	0	0	0	0	0
Root1280	4	1	4	0	4	2	6	16	25	19	44	15	34	12	28	13	28	21	28	2	2	2	2	1	0	2	2	0	3	9	4	22	5	7	5	0	3	10	4	0	5	14	7	23	31	6	19	8	11	57	51	49	39	32	8	10	3	15	21	27	24	26	25	0	11	30	17	8	16	2	7	8	5	11	32	13	48	26
Root472D3	222	235	199	8	111	113	1208	25	23	18	17	83	34	13	17	12	10	62	54	191	263	7	9	242	575	844	177	0	25	141	542	18	37	386	35	148	18	207	65	45	32	102	9	26	319	3063	96	1651	5151	278	22	97	703	116	54	30	1683	199	104	155	98	73	107	0	165	147	593	42	9	333	153	1267	481	237	146	495	351	764
Root198D2	0	0	0	0	0	0	0	0	0	0	0	0	0	0	0	0	0	0	0	0	0	0	0	0	0	0	0	0	0	0	0	0	0	0	0	0	0	0	0	0	0	0	0	0	0	0	0	0	0	0	0	0	0	0	0	0	0	0	0	0	0	0	0	0	0	0	0	0	0	0	0	0	0	0	0	0	0	0
Root1220	0	0	0	0	0	0	0	0	0	0	0	0	0	0	0	0	0	0	0	0	0	0	0	0	0	0	0	0	0	0	0	0	0	0	0	0	0	0	0	0	0	0	0	0	0	0	0	0	0	0	0	0	0	0	0	0	0	0	0	0	0	0	0	0	0	0	0	0	0	0	0	0	0	0	0	0	0	0
Root22	534	427	423	14	273	260	157	17	90	28	9	37	75	25	40	44	60	68	54	25	69	104	155	55	41	55	111	1	232	115	128	126	460	49	9	7	23	63	35	144	78	110	127	179	262	134	67	51	386	158	452	316	413	613	44	59	346	122	85	43	119	95	172	0	235	225	212	385	41	88	93	377	99	180	216	172	292	303
Root136	11	58	8	0	4	5	27	0	0	0	0	0	1	0	0	0	0	0	0	0	1	0	0	1	1	0	0	0	0	0	5	0	0	0	0	0	0	0	0	0	0	0	0	0	0	0	2	0	1	0	0	0	3	0	0	0	97	0	0	0	0	0	0	0	0	0	2	0	0	0	1	2	1	0	0	6	0	3
Root268	0	0	0	0	0	0	0	0	0	0	0	0	0	0	0	0	0	0	0	0	0	0	0	0	0	0	0	0	0	0	0	0	0	0	0	0	0	0	0	0	0	0	0	0	0	0	0	0	0	0	0	0	0	0	0	0	0	0	0	0	0	0	0	0	0	0	0	0	0	0	0	0	0	0	0	0	0	0
Root700	12	10	7	0	6	5	523	231	182	210	231	309	394	348	210	140	287	229	194	122	141	286	292	141	357	184	252	2	331	180	258	730	105	204	106	62	105	286	139	50	149	215	321	568	566	583	465	592	1355	1361	683	712	945	661	92	529	404	242	388	153	297	284	258	0	177	178	439	594	187	367	562	310	371	303	332	282	440	355
Soil766	28	28	18	0	7	12	58	74	37	12	25	23	20	23	25	100	34	17	20	9	18	12	15	14	33	18	29	0	22	29	25	87	208	26	16	13	38	32	36	55	34	48	45	15	25	31	15	26	32	57	23	27	71	53	37	83	112	53	64	37	74	41	40	1	37	54	22	37	15	70	23	98	42	22	22	35	24	48
Root172	46	36	40	1	16	20	247	107	161	30	61	119	205	75	137	139	50	148	227	39	65	29	80	60	119	86	70	0	82	27	90	120	82	62	28	28	60	93	73	18	52	67	48	115	159	114	52	122	166	133	73	170	190	119	126	179	391	486	469	395	498	217	167	1	246	256	62	111	112	85	153	225	119	95	62	69	113	122
Root381	56	49	58	0	23	33	15	2	1	0	2	1	3	2	6	5	6	2	2	1	1	5	2	0	1	2	3	0	7	2	3	11	2	1	0	2	4	8	0	0	11	8	8	25	33	11	9	4	11	16	19	19	10	17	6	10	19	3	11	3	6	7	6	0	17	8	13	13	1	0	9	9	3	5	14	10	17	12
Root554	33	36	10	1	17	5	3041	47	59	23	32	86	145	70	88	68	58	73	85	121	229	178	196	180	372	296	181	4	324	236	318	114	31	50	32	19	75	55	42	39	83	76	107	407	260	343	257	692	764	521	608	534	1361	808	48	174	2743	248	231	158	239	166	110	0	157	199	527	145	83	368	392	1508	604	662	315	641	470	506
Root708	250	232	184	3	119	132	2314	196	108	112	185	79	359	286	238	222	200	168	299	111	192	375	425	155	295	150	138	5	314	155	186	652	79	532	132	108	145	190	176	22	264	255	311	1070	857	534	312	510	2502	1209	853	1092	1231	465	229	712	1151	662	844	1007	918	519	269	1	258	421	321	328	314	430	349	1330	529	363	312	168	356	390
Root186	0	0	0	0	0	0	0	0	0	0	0	0	0	0	0	0	0	0	0	0	0	0	0	0	0	0	0	0	0	0	0	0	0	0	0	0	0	0	0	0	0	0	0	0	0	0	0	0	0	0	0	0	0	0	0	0	0	0	0	0	0	0	0	0	0	0	0	0	0	0	0	0	0	0	0	0	0	0
Soil768D1	22	12	12	2	6	5	0	0	0	0	0	0	0	0	0	0	0	0	0	0	0	0	0	0	0	0	0	0	0	0	0	0	0	0	0	0	0	0	0	0	0	0	0	0	0	0	0	0	0	0	0	0	0	0	0	0	0	0	0	0	0	0	0	0	0	0	0	0	0	0	0	0	0	0	0	0	0	0
Root81	530	476	404	15	262	256	22	0	0	0	0	5	1	1	8	1	0	3	1	4	4	3	11	3	4	1	4	1	4	2	3	9	1	2	0	0	1	1	1	1	2	7	3	17	1	8	2	5	13	10	15	20	27	15	0	5	39	3	8	2	2	7	7	0	5	5	15	19	0	8	4	10	5	12	7	7	10	4
Root1212	450	502	347	19	203	262	93	11	13	3	2	20	25	21	30	7	18	21	19	15	30	18	40	11	19	18	33	0	42	22	28	52	16	8	4	4	9	23	6	38	31	47	34	32	29	31	50	52	54	40	76	89	120	61	21	38	173	31	40	19	48	30	62	0	70	68	33	51	5	74	27	85	16	40	48	35	93	57
Soil745	34	25	24	0	18	4	0	0	0	0	0	0	0	0	0	0	0	0	0	0	0	0	0	0	0	0	0	0	0	0	0	0	0	0	0	0	0	0	0	0	0	0	0	0	2	0	0	0	0	0	0	0	0	0	0	0	0	0	0	0	0	0	0	0	0	0	0	0	0	0	0	0	0	0	0	0	0	0
Root420	0	0	0	0	0	0	0	0	0	0	0	0	0	0	0	0	0	0	0	0	0	0	0	0	0	0	0	0	0	0	0	0	0	0	0	0	0	0	0	0	0	0	0	0	0	0	0	0	0	0	0	0	0	0	0	0	0	0	0	0	0	0	0	0	0	0	0	0	0	0	0	0	0	0	0	0	0	0
Root401	468	399	300	8	183	147	14	149	42	42	43	368	118	176	196	415	95	154	158	36	99	651	632	312	223	197	142	23	798	156	131	0	0	0	0	0	0	0	0	0	0	0	0	0	0	0	0	0	0	0	0	0	0	0	181	438	572	351	191	98	327	316	51	0	206	59	428	262	163	353	184	316	443	495	173	103	237	262
Root690	125	154	87	1	67	73	5383	70	12	40	23	35	49	71	44	65	159	28	35	237	525	29	75	256	307	453	412	0	121	849	1332	542	23	37	15	15	10	196	76	55	561	61	331	777	608	320	132	600	81	775	577	525	2906	699	176	195	5646	79	340	99	124	130	216	0	150	122	651	150	25	1201	1305	3617	1351	508	2246	1945	2797	2970
Root569	760	675	595	18	355	327	15	8584	5075	5049	9133	5337	4982	3787	4949	8243	11403	11918	8515	1124	2341	1050	2424	2180	2482	1876	2425	28	3617	918	2260	0	0	0	0	0	0	0	0	0	0	0	0	0	0	0	0	0	0	0	0	0	0	0	8221	21312	6725	12469	17179	12814	10683	13063	10857	32	7709	7035	3353	5481	3144	3051	2800	2245	2352	1407	1769	1953	2261	2555
Root565	2000	1767	1414	54	984	872	1073	2160	1856	526	1103	1067	1413	1331	1344	1515	1308	1723	3254	309	817	472	568	462	634	512	563	10	816	369	802	0	0	0	0	0	0	0	0	0	0	0	0	0	0	0	0	0	0	0	0	0	0	0	1338	2126	2401	2544	3021	4643	3662	2593	2096	16	3117	2312	825	982	784	780	691	1044	682	568	739	860	925	1111
Root562	1419	1193	951	51	602	496	12	1925	1165	720	836	563	985	785	976	4337	2635	1054	1228	96	782	488	624	397	399	396	589	12	871	233	468	0	0	0	0	0	0	0	0	0	0	0	0	0	0	0	0	0	0	0	0	0	0	0	3629	2993	1079	3421	4572	3847	4213	3290	793	8	1823	829	619	663	680	495	650	346	588	491	330	725	351	397
Root170	95	87	62	6	52	37	665	112	138	41	65	63	111	61	76	106	95	109	228	19	47	47	40	32	46	50	68	0	53	45	85	685	736	508	116	185	355	229	264	490	419	533	505	453	400	427	211	309	571	569	937	575	700	474	117	138	164	330	282	333	436	201	79	1	155	109	58	75	88	95	85	88	78	45	42	90	66	77
Root920	540	413	373	15	200	159	11	103	31	8	13	5	21	39	9	11	16	22	68	2	3	1	2	5	5	1	3	0	1	1	2	0	0	0	0	0	0	0	0	0	0	0	0	0	0	0	0	0	0	0	0	0	0	0	10	39	8	50	34	96	12	14	21	0	14	4	0	0	8	0	1	1	4	1	0	0	1	0
Root329	746	607	473	17	328	247	866	433	103	221	180	121	256	289	224	654	646	108	125	22	100	8	39	48	52	46	60	0	48	11	54	2365	5522	1773	730	592	1390	1368	1019	1406	1579	587	1514	362	472	798	505	364	743	785	249	542	382	411	497	377	123	197	534	357	401	401	140	0	159	146	51	83	99	25	64	51	50	29	18	34	17	42
Root157	126	99	85	5	58	62	7	1	1	2	0	2	0	2	1	0	2	0	0	2	1	3	6	0	0	2	1	1	11	3	0	8	4	1	0	0	0	1	1	3	1	0	4	18	6	3	1	2	52	21	25	11	7	13	2	4	5	1	2	1	2	1	0	0	1	0	1	4	2	4	0	11	3	5	1	1	1	0
Root369	83	93	38	0	25	24	15	1	1	0	0	0	3	0	0	0	5	9	1	126	9	2	5	3	15	0	0	1	29	3	28	0	0	0	0	1	0	0	0	0	2	3	0	1	0	0	0	3	6	0	16	4	22	0	0	1	16	0	0	1	0	2	3	0	3	12	0	0	1	0	1	1	19	2	21	76	241	68
Root635	1	0	0	0	0	0	58	0	1	4	1	6	5	7	0	12	13	7	3	5	10	43	27	8	3	3	7	1	120	26	9	17	16	1	0	2	18	12	6	17	19	40	28	113	96	28	6	2	50	120	731	506	201	796	10	14	69	5	3	0	11	9	8	0	18	40	63	76	2	32	6	24	12	69	42	55	72	58
Root123D2	11	12	14	0	3	4	1986	91	138	92	260	341	454	170	246	150	98	140	205	100	178	468	479	247	311	241	242	14	411	224	220	423	168	134	47	59	167	144	123	128	232	172	231	663	515	462	294	522	1592	689	973	1004	977	812	203	599	1183	677	576	561	663	986	332	1	331	476	510	618	171	576	478	1009	551	472	456	263	438	372
Root901	0	0	0	0	0	0	0	0	0	0	0	0	0	0	0	0	0	0	0	0	0	0	0	0	0	0	0	0	0	0	0	0	0	0	0	0	0	0	0	0	0	0	0	0	0	0	0	0	0	0	0	0	0	0	0	0	0	0	0	0	0	0	0	0	0	0	0	0	0	0	0	0	0	0	0	0	0	0
Root9	251	174	155	16	102	85	3039	1067	365	1214	1754	1280	1218	840	765	1628	2037	768	746	116	122	90	196	156	180	98	116	1	193	17	141	16261	3150	4454	5053	5016	7661	3709	8659	5858	6587	11435	9517	1017	2179	2757	2013	973	1077	2703	3271	2208	2256	4117	1859	5271	832	1550	3545	2112	2652	5528	1976	3	974	1033	342	270	809	174	343	245	245	183	209	114	182	179
Root336D2	0	0	0	0	0	0	0	0	0	0	0	0	0	0	0	0	0	0	0	0	0	0	0	0	0	0	0	0	0	0	0	0	0	0	0	0	0	0	0	0	0	0	0	0	0	0	0	0	0	0	0	0	0	0	0	0	0	0	0	0	0	0	0	0	0	0	0	0	0	0	0	0	0	0	0	0	0	0
Root564	366	371	257	11	156	148	36	6	17	3	3	1	8	4	7	21	16	19	14	3	4	3	7	6	5	5	3	0	12	6	7	17	6	3	2	6	3	6	3	8	7	7	5	15	7	10	8	9	69	27	13	10	21	21	6	10	24	38	32	30	18	12	24	0	24	34	8	7	4	11	17	18	13	10	7	16	22	12
Root685	101	96	83	5	41	23	22	2	4	8	6	5	7	12	5	20	17	4	6	4	6	3	11	3	2	3	10	0	17	3	5	41	4	8	8	2	32	23	17	9	22	25	35	50	62	20	5	11	37	79	61	40	31	67	29	36	25	22	17	5	49	13	5	0	14	21	25	22	4	15	12	10	6	14	22	8	22	19
Root83	522	450	385	14	244	242	397	350	220	235	294	154	756	385	244	252	684	195	367	42	81	84	93	85	111	89	99	0	110	69	116	724	699	496	121	127	286	377	194	366	654	215	542	471	330	221	150	197	419	338	237	204	240	250	324	473	323	378	580	882	611	423	400	1	386	354	174	172	155	155	118	182	146	104	91	127	131	147
Root436	0	0	0	0	0	0	0	0	0	0	0	0	0	0	0	0	0	0	0	0	0	0	0	0	0	0	0	0	0	0	0	0	0	0	0	0	0	0	0	0	0	0	0	0	0	0	0	0	0	0	0	0	0	0	0	0	0	0	0	0	0	0	0	0	0	0	0	0	0	0	0	0	0	0	0	0	0	0
Root1310	0	0	0	0	0	0	0	0	0	0	0	0	0	0	0	0	0	0	0	0	0	0	0	0	0	0	0	0	0	0	0	0	0	0	0	0	0	0	0	0	0	0	0	0	0	0	0	0	0	0	0	0	0	0	0	0	0	0	0	0	0	0	0	0	0	0	0	0	0	0	0	0	0	0	0	0	0	0
Root918	189	148	107	1	100	77	85	7	43	9	4	12	41	6	24	13	24	25	29	19	31	58	75	18	21	26	71	0	149	51	68	57	95	26	4	4	12	19	13	60	27	53	51	92	87	63	34	31	195	70	197	150	227	310	22	29	159	61	44	20	63	55	92	0	121	140	68	186	20	50	59	212	55	91	90	73	128	193
Soil773	16	16	23	0	14	13	725	132	57	29	63	18	87	17	17	194	49	180	350	127	210	1500	1015	412	595	392	200	14	818	608	397	44	52	14	6	1	8	23	23	26	26	28	26	1544	389	171	682	222	3369	231	596	2161	741	657	406	519	3104	728	812	1100	595	1138	150	1	244	357	1148	1147	512	2359	679	2656	2201	1448	1490	700	1239	2641
Root241	87	95	82	3	42	65	6503	2658	2158	1103	1857	1695	2513	2815	1600	1745	2183	1835	2610	739	1345	861	1310	1228	2116	1246	1496	15	1581	979	1701	5872	2977	2304	1076	1098	1686	2013	1813	1605	2114	2999	3942	2978	2435	2865	1960	2996	3837	3537	2203	2788	3305	3776	3684	6332	7782	5942	7044	6516	6011	4244	3742	7	4765	3894	2667	2411	1063	1920	2905	5781	2990	2210	1709	1797	2223	2227
Root1304	396	269	253	4	135	151	22	3	0	3	1	0	5	1	1	0	1	2	1	0	6	2	2	0	0	11	1	0	1	1	1	4	1	1	0	0	0	1	0	4	4	1	4	12	0	3	0	1	6	1	3	5	4	4	4	2	2	1	4	2	1	1	0	0	5	1	1	8	1	1	1	2	3	1	2	2	4	3
Root935	0	0	1	0	0	0	0	0	0	0	0	0	0	0	0	14	8	10	31	0	0	0	0	0	0	0	0	0	0	0	0	37	1	0	0	0	0	1	0	0	0	0	1	0	0	0	0	0	0	0	2	1	0	0	2	1	1	0	0	0	1	0	0	0	0	0	0	0	0	0	0	0	1	0	0	0	0	0
Root100	8	8	2	0	5	2	0	0	0	0	0	0	0	0	0	0	0	0	0	0	0	0	0	0	0	0	1	0	0	1	0	0	0	0	0	0	0	0	0	0	0	0	0	1	2	1	0	0	0	1	6	2	2	2	0	0	0	0	0	0	0	0	0	0	0	0	0	0	0	1	0	0	0	0	1	0	0	5
Root710	5	7	12	0	2	5	9	5	4	10	20	13	13	8	15	9	18	10	6	4	7	10	6	20	12	3	12	0	10	1	8	100	45	25	19	6	24	37	36	17	19	22	49	19	41	19	11	22	15	22	6	5	26	14	20	108	52	14	26	9	34	51	28	0	35	33	20	33	7	11	9	20	5	7	5	7	5	7
Root135	37	58	51	1	24	30	359	177	244	194	315	518	635	326	437	189	147	343	740	94	67	31	48	93	165	102	74	0	97	56	156	320	96	64	183	281	546	103	150	236	316	576	372	60	41	107	91	97	108	29	64	92	278	303	174	446	665	409	942	790	848	599	343	0	312	437	53	130	228	118	177	181	150	114	65	78	85	110
Soil787	0	1	0	0	0	0	0	0	0	0	0	0	0	0	0	0	0	0	0	0	0	0	0	0	0	0	0	0	0	0	0	0	0	0	0	0	0	0	0	0	0	0	0	0	0	0	0	0	0	0	0	0	0	0	0	0	0	0	0	0	0	0	0	0	0	0	0	0	0	0	0	0	0	0	0	0	1	0
Soil764	60	51	42	2	32	26	94	27	25	11	20	9	59	42	42	35	25	19	24	10	20	16	33	8	16	15	29	0	30	21	32	33	13	36	5	7	22	37	8	5	93	42	31	119	66	26	21	33	190	119	59	54	77	59	32	41	63	27	47	62	45	41	41	0	55	61	35	45	7	8	18	55	41	22	26	35	52	62
Root70	291	231	212	5	129	117	1	2	0	1	1	2	0	1	9	5	3	2	1	0	1	0	2	2	7	2	0	0	3	3	0	106	658	1	2	2	6	76	69	66	11	1	31	14	29	4	4	4	11	10	2	0	4	15	8	4	42	0	5	1	11	3	2	0	7	1	17	18	1	16	8	1	9	1	2	11	2	6
Root656	0	0	0	0	0	0	0	0	0	1	0	0	0	0	0	0	0	3	1	0	0	0	0	0	0	0	0	0	0	0	0	0	0	0	1	0	1	0	4	0	2	0	0	0	0	0	0	3	0	0	0	0	0	1	0	0	0	0	1	0	0	1	1	1	1	0	1	0	0	0	0	0	0	0	1	0	0	0
Root552	124	110	54	6	50	45	19	1	0	2	1	4	8	1	8	5	2	1	3	2	5	9	18	1	2	2	7	0	14	5	4	44	18	10	1	1	7	17	1	10	16	2	17	63	84	14	7	12	71	83	60	45	15	25	7	21	31	12	7	2	12	7	8	0	7	10	7	18	3	13	10	25	14	17	15	22	19	9
Root431	0	0	0	0	0	0	0	0	0	0	0	0	0	0	0	0	0	0	0	0	0	0	0	0	0	0	0	0	0	0	0	0	0	0	0	0	0	0	0	0	0	0	0	0	0	0	0	0	0	0	0	0	0	0	0	0	0	0	0	0	0	0	0	0	0	0	0	0	0	0	0	0	0	0	0	0	0	0
Root418	0	0	0	0	0	0	0	0	0	0	0	0	0	0	0	0	0	0	0	0	0	0	0	0	0	0	0	0	0	0	0	0	0	0	0	0	0	0	0	0	0	0	0	0	0	0	0	0	0	0	0	0	0	0	0	0	0	0	0	0	0	0	0	0	0	0	0	0	0	0	0	0	0	0	0	0	0	0
Root149	243	235	162	1	98	103	250	20	4	10	10	9	18	16	32	22	33	11	5	75	50	28	20	20	187	33	92	2	57	26	58	102	43	14	6	9	15	18	12	74	83	15	56	87	37	49	39	91	159	55	106	82	148	92	48	21	392	17	32	26	35	15	28	0	22	36	65	58	4	78	143	159	263	125	76	84	192	75
Root1217	0	0	0	0	0	0	0	0	0	0	0	0	0	0	0	0	0	0	0	0	0	0	0	0	0	0	0	0	0	0	0	0	0	0	0	0	0	0	0	0	0	0	0	0	0	0	0	0	0	0	0	0	0	0	0	0	0	0	0	0	0	0	0	0	0	0	0	0	0	0	0	0	0	0	0	0	0	0
Root1203	484	405	341	18	191	183	315	30	40	14	21	30	50	33	59	54	38	50	40	28	78	211	140	36	70	19	37	5	169	46	38	210	346	16	5	30	28	41	29	42	72	35	67	156	104	90	140	146	373	119	95	136	153	192	59	66	211	91	133	174	129	83	116	0	110	103	104	128	12	159	80	332	65	148	146	71	280	121
